{"sections":[{"story":0,"center":[2.31853,-0.14651601,-0.25629044],"label":"livingRoom"},{"story":0,"center":[-0.95226896,-0.14651601,0.5021384],"label":"diningRoom"},{"story":0,"center":[-3.5282214,-0.14651601,0.62711763],"label":"kitchen"},{"story":0,"center":[-2.9607198,-0.14651601,-1.4781816],"label":"unidentified"}],"windows":[],"referenceOriginTransform":[0.5566302,0,0.8307603,0,0,1,0,0,-0.8307603,0,0.55663013,0,0.038112126,-0.020028641,0.042987466,1],"walls":[{"identifier":"30F44692-92FB-460E-AAE4-3BBE63A4C044","story":0,"polygonCorners":[],"dimensions":[7.617114,2.5399997,0],"transform":[-0.9971891,0,-0.07492335,0,0,1,0,0,0.0749233,0,-0.9971892,0,-1.157705,-0.14454989,2.2615685,1],"completedEdges":[],"category":{"wall":{}},"confidence":{"high":{}},"parentIdentifier":null,"curve":null},{"identifier":"1A7419BE-E125-47B7-8AD4-DCD9FE53AE6E","story":0,"polygonCorners":[],"dimensions":[4.335405,2.68,0],"transform":[0.9971892,0,0.074923456,0,0,1,0,0,-0.07492337,0,0.99718916,0,0.9993435,-0.07454973,-5.0849123,1],"completedEdges":[],"category":{"wall":{}},"confidence":{"high":{}},"parentIdentifier":null,"curve":null},{"identifier":"C383295C-4DC3-403A-9390-D7FBDF8A9B71","story":0,"polygonCorners":[],"dimensions":[2.409253,2.5399997,0],"transform":[0.78706855,0,0.61686546,0,0,1,0,0,-0.6168654,0,0.7870685,0,3.9605682,-0.14454989,-2.2028437,1],"completedEdges":[],"category":{"wall":{}},"confidence":{"high":{}},"parentIdentifier":null,"curve":null},{"identifier":"5A54F4D3-A3B4-4F64-A719-13A233665467","story":0,"polygonCorners":[],"dimensions":[1.6714332,2.5399997,0],"transform":[-0.9971892,0,-0.07492326,0,0,1,0,0,0.07492324,0,-0.9971892,0,-3.8892078,-0.14454989,-1.6078662,1],"completedEdges":[],"category":{"wall":{}},"confidence":{"high":{}},"parentIdentifier":null,"curve":null},{"identifier":"6D26ED3B-A82B-4A5A-B521-83271A475EB6","story":0,"polygonCorners":[],"dimensions":[1.5866894,2.5399997,0],"transform":[-0.61686563,0,0.78706837,0,0,1,0,0,-0.7870684,0,-0.61686563,0,4.419305,-0.14454989,-0.8353347,1],"completedEdges":[],"confidence":{"high":{}},"category":{"wall":{}},"parentIdentifier":null,"curve":null},{"identifier":"43B06770-B609-44C9-ABC1-3FA304F84375","story":0,"polygonCorners":[],"dimensions":[1.6229522,2.315,0],"transform":[0.9971892,0,0.0749235,0,0,0.99999994,0,0,-0.0749234,0,0.9971891,0,-2.1775682,-0.25704977,-2.5649548,1],"completedEdges":[],"category":{"wall":{}},"confidence":{"high":{}},"parentIdentifier":null,"curve":null},{"identifier":"11ACF516-7980-4C00-8C49-D20E4DBC79A7","story":0,"polygonCorners":[],"dimensions":[1.5178124,2.5399997,0],"transform":[-0.776143,0,0.6305567,0,0,1,0,0,-0.6305568,0,-0.77614295,0,3.2291665,-0.14454989,2.0683851,1],"completedEdges":[],"category":{"wall":{}},"confidence":{"high":{}},"parentIdentifier":null,"curve":null},{"identifier":"50E33F01-F8A1-4306-AA57-87BB32421A3B","story":0,"polygonCorners":[],"dimensions":[2.1918569,2.5399997,0],"transform":[0.6168655,0,-0.78706837,0,0,1,0,0,0.7870684,0,0.6168655,0,2.336404,-0.14454989,-2.0833654,1],"completedEdges":[],"category":{"wall":{}},"confidence":{"high":{}},"parentIdentifier":null,"curve":null},{"identifier":"2B9450F6-61DE-4F79-B34C-D02B259F2580","story":0,"polygonCorners":[],"dimensions":[1.8042334,2.5399997,0],"transform":[-0.06192732,0,0.9980805,0,0,1,0,0,-0.99808055,0,-0.061927397,0,3.874052,-0.14454989,0.6894668,1],"completedEdges":[],"confidence":{"high":{}},"category":{"wall":{}},"parentIdentifier":null,"curve":null},{"identifier":"25112028-F5DA-4638-9E7D-CF0508D11782","story":0,"polygonCorners":[],"dimensions":[1.9821358,2.68,0],"transform":[-0.0749234,0,0.9971891,0,0,1,0,0,-0.9971893,0,-0.074923426,0,3.0866985,-0.07454973,-3.934218,1],"completedEdges":[],"category":{"wall":{}},"confidence":{"high":{}},"parentIdentifier":null,"curve":null},{"identifier":"46A1962D-3F13-4ED4-919B-6CD8D02B4F89","story":0,"polygonCorners":[],"dimensions":[1.6652383,2.5399997,0],"transform":[0.07492318,0,-0.99718916,0,0,1,0,0,0.9971892,0,0.07492322,0,-4.660193,-0.14454989,-2.5007596,1],"completedEdges":[],"confidence":{"high":{}},"category":{"wall":{}},"parentIdentifier":null,"curve":null},{"identifier":"F2CDC762-B41A-4AF2-8A0C-E77D459AD941","completedEdges":[],"dimensions":[0.19420312,2.68,0],"story":0,"transform":[-0.6122613,0,0.7906553,0,0,1,0,0,-0.7906553,0,-0.61226135,0,-1.4872795,-0.07454973,-1.6090306,1],"confidence":{"high":{}},"curve":null,"polygonCorners":[],"parentIdentifier":null,"category":{"wall":{}}},{"identifier":"CE4DACB1-10BA-41DC-9D93-99D5FB8197B5","completedEdges":[],"dimensions":[0.1389935,2.315,0],"story":0,"transform":[0.8307603,0,-0.55663013,0,0,0.99999994,0,0,0.55663013,0,0.83076024,0,-3.0444987,-0.25704977,-2.5870695,1],"confidence":{"high":{}},"curve":null,"polygonCorners":[],"parentIdentifier":null,"category":{"wall":{}}},{"identifier":"E17FED60-3DD9-4641-9F03-1ED3F59A41FD","completedEdges":[],"dimensions":[0.74069226,2.5399997,0],"story":0,"confidence":{"high":{}},"transform":[-0.99718916,0,-0.074923486,0,0,1,0,0,0.0749234,0,-0.9971891,0,-4.4020314,-0.14454989,-0.44789958,1],"curve":null,"polygonCorners":[[-0.37034607,1.1525,-1.1920929e-07],[0.37034607,1.2699999,-1.6391277e-07],[0.37034607,-1.2699999,-1.6391277e-07],[-0.37034607,-1.2699999,-1.1920929e-07]],"parentIdentifier":null,"category":{"wall":{}}},{"identifier":"D34AC88E-0C40-4B32-AEF3-69A2DC080DA4","completedEdges":[],"dimensions":[2.458777,2.5399997,0],"story":0,"transform":[0.074923396,0,-0.9971892,0,0,1,0,0,0.9971893,0,0.07492347,0,-4.8634467,-0.14454989,0.7502858,1],"confidence":{"high":{}},"curve":null,"polygonCorners":[],"parentIdentifier":null,"category":{"wall":{}}},{"identifier":"78C2D340-E96F-4E7E-A88D-D89B096FA10B","completedEdges":[],"dimensions":[1.1958283,2.5399997,0],"story":0,"transform":[0.040775955,0,-0.9991682,0,0,1,0,0,0.9991682,0,0.040776007,0,-4.746956,-0.14454989,-1.0730639,1],"confidence":{"high":{}},"curve":null,"polygonCorners":[],"parentIdentifier":null,"category":{"wall":{}}},{"category":{"wall":{}},"identifier":"9C8EBAAB-5754-41F6-841D-16F9AA8B8867","completedEdges":[],"transform":[0.9971892,0,0.07492322,0,0,1,0,0,-0.07492318,0,0.99718916,0,-1.7905104,-0.2032998,-1.4800746,1],"polygonCorners":[],"parentIdentifier":null,"story":0,"confidence":{"high":{}},"dimensions":[0.6936452,2.4225,0],"curve":null},{"category":{"wall":{}},"identifier":"94FB5865-D9AC-4F22-9EDA-C3FFE096A162","completedEdges":[],"transform":[0.99718934,0,0.07492337,0,0,1,0,0,-0.0749233,0,0.9971893,0,0.10785046,-0.2032998,-1.337442,1],"polygonCorners":[],"parentIdentifier":null,"story":0,"confidence":{"high":{}},"dimensions":[3.1137784,2.4225,0],"curve":null},{"identifier":"7797FC26-FF33-48FB-9F63-96A040A27A0D","transform":[-0.07492334,0,0.9971892,0,0,0.99999994,0,0,-0.99718916,0,-0.0749234,0,-3.0771945,-0.25704977,-2.8816457,1],"polygonCorners":[],"confidence":{"high":{}},"category":{"wall":{}},"dimensions":[0.66839933,2.315,0],"story":0,"parentIdentifier":null,"completedEdges":[],"curve":null},{"identifier":"70F74FBC-E3F5-4751-84A0-D7C07CD93E76","transform":[-0.07246114,0,0.99737114,0,0,1,0,0,-0.9973712,0,-0.07246118,0,-1.4065179,-0.2032998,-1.979123,1],"polygonCorners":[],"confidence":{"high":{}},"category":{"wall":{}},"dimensions":[1.0528345,2.4225,0],"story":0,"parentIdentifier":null,"completedEdges":[],"curve":null},{"identifier":"7197239E-3B25-4C66-980B-A3516A1042B5","transform":[0.99718934,0,0.07492341,0,0,1,0,0,-0.07492337,0,0.99718916,0,-3.824983,-0.14454989,-3.272972,1],"polygonCorners":[[-0.7750058,1.2699997,0],[-0.11888218,1.2699997,-2.3841858e-07],[-0.11888218,1.0450001,-2.3841858e-07],[0.7750063,1.0450001,-2.3841858e-07],[0.7750063,-1.2699997,-2.3841858e-07],[-0.7750058,-1.2699997,0]],"confidence":{"high":{}},"category":{"wall":{}},"dimensions":[1.5500124,2.5399997,0],"story":0,"parentIdentifier":null,"completedEdges":[],"curve":null},{"identifier":"7EC2A157-99F4-4806-8395-823865D3DFCC","transform":[0.07492346,0,-0.99718916,0,0,1,0,0,0.99718916,0,0.07492353,0,-1.2653196,-0.2032998,-3.87574,1],"polygonCorners":[],"confidence":{"high":{}},"category":{"wall":{}},"dimensions":[2.7508996,2.4225,0],"story":0,"parentIdentifier":null,"completedEdges":[],"curve":null}],"floors":[{"completedEdges":[],"dimensions":[7.550598,10.232721,0],"curve":null,"story":0,"identifier":"BEFBA177-E9D4-4D3B-A17C-F5618C2FB62D","category":{"floor":{}},"confidence":{"high":{}},"polygonCorners":[[-3.712148,4.4627275,0],[-1.2533714,4.462728,0],[-0.058242917,4.5036254,0],[1.6069951,4.503626,0],[1.6069956,2.9536135,0],[0.93859625,2.9536133,0],[1.0243983,2.8442643,0],[1.0243986,1.221312,0],[3.7752976,1.2213123,0],[3.7752986,-3.1140924,0],[1.7931633,-3.1140928,0],[0.45322955,-5.11636,0],[-0.8654264,-4.2339044,0],[-2.6695063,-4.257407,0],[-3.712146,-3.1543858,0]],"transform":[0.07492358,0,-0.9971892,0,-0.99718916,0,-0.07492364,0,0,0.99999994,0,0,-0.22724533,-1.4145497,-1.3911319,1],"parentIdentifier":null}],"story":0,"version":2,"doors":[{"identifier":"7F3891BD-7F24-451C-9489-64F62C4303FC","transform":[0.040775955,0,-0.9991682,0,0,1,0,0,0.9991682,0,0.040776007,0,-4.7464905,-0.33459932,-1.0844747,1],"polygonCorners":[],"confidence":{"high":{}},"category":{"door":{"isOpen":false}},"dimensions":[0.94790965,2.159901,0],"story":0,"parentIdentifier":"78C2D340-E96F-4E7E-A88D-D89B096FA10B","completedEdges":[],"curve":null},{"identifier":"1268CDDF-CD6A-4A37-94A3-DC0DB1BBC5F5","transform":[0.9971892,0,0.07492371,0,0,1,0,0,-0.07492367,0,0.99718916,0,-2.609956,-0.31755728,-2.5974422,1],"polygonCorners":[],"dimensions":[0.6328313,2.193985,0],"category":{"door":{"isOpen":false}},"confidence":{"high":{}},"story":0,"parentIdentifier":"43B06770-B609-44C9-ABC1-3FA304F84375","completedEdges":[],"curve":null},{"identifier":"1E0299C9-C96B-4BBE-A36C-12618CAE0112","transform":[-0.6168656,0,0.78706837,0,0,1,0,0,-0.7870684,0,-0.61686563,0,4.309925,-0.3431204,-0.6957755,1],"polygonCorners":[],"dimensions":[0.76646125,2.1428587,0],"category":{"door":{"isOpen":false}},"confidence":{"high":{}},"story":0,"parentIdentifier":"6D26ED3B-A82B-4A5A-B521-83271A475EB6","completedEdges":[],"curve":null},{"identifier":"831C5423-43EB-4EB0-BBB8-9ECB816A92D2","transform":[0.7870686,0,0.61686534,0,0,1,0,0,-0.61686534,0,0.78706855,0,4.357753,-0.1925823,-1.8915498,1],"polygonCorners":[],"dimensions":[0.9979994,2.443935,0],"category":{"door":{"isOpen":false}},"confidence":{"medium":{}},"story":0,"parentIdentifier":"C383295C-4DC3-403A-9390-D7FBDF8A9B71","completedEdges":[],"curve":null},{"identifier":"A3AB1B9E-6D0D-46A2-9F41-8501992CF11A","transform":[0.07492377,0,-0.99718916,0,0,1,0,0,0.9971892,0,0.07492379,0,-1.2375227,-0.3374396,-4.2457004,1],"polygonCorners":[],"dimensions":[0.8091077,2.1542203,0],"category":{"door":{"isOpen":true}},"confidence":{"medium":{}},"story":0,"parentIdentifier":"7EC2A157-99F4-4806-8395-823865D3DFCC","completedEdges":[],"curve":null},{"identifier":"E0AB7EDF-F10F-439C-99C9-086C41F11529","transform":[0.99718916,0,0.07492361,0,0,1,0,0,-0.07492355,0,0.9971891,0,-3.5572906,-0.33459932,-3.252859,1],"polygonCorners":[],"dimensions":[0.7763222,2.159901,0],"category":{"door":{"isOpen":true}},"confidence":{"high":{}},"story":0,"parentIdentifier":"7197239E-3B25-4C66-980B-A3516A1042B5","completedEdges":[],"curve":null},{"identifier":"11A71256-D0A2-406B-9422-C920086683D8","transform":[-0.0724612,0,0.9973712,0,0,1,0,0,-0.9973712,0,-0.07246123,0,-1.3997297,-0.34028,-2.072558,1],"polygonCorners":[],"dimensions":[0.80799735,2.1485395,0],"category":{"door":{"isOpen":true}},"confidence":{"high":{}},"story":0,"parentIdentifier":"70F74FBC-E3F5-4751-84A0-D7C07CD93E76","completedEdges":[],"curve":null}],"objects":[{"dimensions":[0.7565914,0.01204747,0.7033696],"story":0,"identifier":"61F31076-E4F0-455D-A52E-10D5B92C8EB9","attributes":{},"category":{"stove":{}},"confidence":{"low":{}},"transform":[0.074923486,0,-0.9971892,0,0,1,0,0,0.9971893,0,0.07492355,0,-4.468435,-0.41495055,0.8278468,1],"parentIdentifier":null},{"dimensions":[1.5928687,1.1108476,0.8347167],"story":0,"identifier":"6BB77DEF-4965-4A3E-B8FD-C5677AA1B51B","attributes":{"StorageType":"cabinet"},"category":{"storage":{}},"confidence":{"low":{}},"transform":[-0.074923396,0,0.9971892,0,0,1,0,0,-0.9971893,0,-0.07492347,0,-2.7967746,-0.8591259,0.6301391,1],"parentIdentifier":null},{"dimensions":[0.77767056,0.51502675,0.7426424],"story":0,"identifier":"2B2912DF-D5D7-419E-AE02-D700EFC44987","attributes":{"TableType":"coffee","TableShapeType":"rectangular"},"category":{"table":{}},"confidence":{"high":{}},"transform":[0.99718916,0,0.0749234,0,0,1,0,0,-0.07492337,0,0.99718916,0,1.8431,-1.1570363,1.0763078,1],"parentIdentifier":null},{"dimensions":[0.6387384,0.6929221,0.44624346],"story":0,"identifier":"7C99A720-6AC7-4E0B-A10B-6750DC7961C6","attributes":{"StorageType":"cabinet"},"category":{"storage":{}},"confidence":{"low":{}},"transform":[0.074923426,0,-0.9971892,0,0,1,0,0,0.9971892,0,0.0749235,0,-4.6998196,0.6723389,1.5504977,1],"parentIdentifier":null},{"dimensions":[0.43505844,0.7734145,0.45751962],"story":0,"identifier":"BFC98CFA-E797-4DDB-9D2E-A27EEF0E6F46","attributes":{"ChairArmType":"missing","ChairType":"unidentified","ChairLegType":"four","ChairBackType":"existing"},"category":{"chair":{}},"confidence":{"low":{}},"transform":[0.07492337,0,-0.99718916,0,0,1,0,0,0.99718916,0,0.0749234,0,-1.4589024,-1.0278425,0.9936861,1],"parentIdentifier":"FB756346-39FE-482F-82D7-7AEEA266AE12"},{"dimensions":[0.75498843,1.7404276,0.83632827],"story":0,"identifier":"4E8CC20C-6DDC-415F-AEA8-2E41AA8367E2","attributes":{},"category":{"refrigerator":{}},"confidence":{"medium":{}},"transform":[0.07492315,0,-0.9971892,0,0,1.0000001,0,0,0.99718934,0,0.07492317,0,-4.510285,-0.544336,1.6311157,1],"parentIdentifier":null},{"dimensions":[1.0359739,0.7476271,2.2705076],"story":0,"identifier":"7A7D1A81-324A-4F69-8EB2-61DD57127454","attributes":{},"category":{"bed":{}},"confidence":{"low":{}},"transform":[-0.07492337,0,0.99718916,0,0,0.99999994,0,0,-0.99718904,0,-0.07492338,0,0.64820737,-1.0407362,-1.8162893,1],"parentIdentifier":null},{"dimensions":[0.82910615,0.9533615,0.49922165],"story":0,"identifier":"98A4B725-AC3E-4625-AE5B-B310785A8DB8","attributes":{"StorageType":"cabinet"},"category":{"storage":{}},"confidence":{"low":{}},"transform":[0.07492312,0,-0.9971891,0,0,1,0,0,0.99718916,0,0.074923165,0,-4.5534873,0.5421192,-0.04355798,1],"parentIdentifier":null},{"dimensions":[1.1288927,0.86094403,2.1201172],"story":0,"identifier":"74CA62B6-B04C-4228-9E43-8FFD8398EC08","attributes":{},"category":{"bed":{}},"confidence":{"low":{}},"transform":[-0.074924044,0,0.99718916,0,0,1,0,0,-0.9971892,0,-0.07492408,0,0.7875508,-0.9840777,-4.534788,1],"parentIdentifier":null},{"dimensions":[0.5261231,1.0227978,0.6230471],"story":0,"identifier":"0C4D80E8-8E96-4AE2-BB06-D0A95EF2C052","attributes":{},"category":{"chair":{}},"confidence":{"low":{}},"transform":[-0.07497028,0,0.9971856,0,0,1,0,0,-0.99718565,0,-0.074970305,0,2.0410626,-0.9031508,-3.095705,1],"parentIdentifier":null},{"dimensions":[0.54614246,0.6645973,0.46142638],"story":0,"identifier":"60C8F5D3-9C2B-4C3A-AD71-52A1859ED4AF","attributes":{"StorageType":"cabinet"},"category":{"storage":{}},"confidence":{"low":{}},"transform":[-0.07492328,0,0.99718916,0,0,1.0000001,0,0,-0.99718934,0,-0.074923284,0,2.8157573,-1.0822511,-3.7793188,1],"parentIdentifier":null},{"dimensions":[2.1688626,0.80526733,1.010498],"story":0,"identifier":"AD6D7751-E783-4356-B4A5-71F58ED3C3A5","attributes":{"SofaType":"rectangular"},"category":{"sofa":{}},"confidence":{"low":{}},"transform":[0.07492328,0,-0.99718916,0,0,1,0,0,0.99718916,0,0.07492332,0,0.7623719,-1.0119162,1.318345,1],"parentIdentifier":null},{"dimensions":[0.4996093,1.6726248,0.42810208],"story":0,"identifier":"CAC2E830-5ADD-4BDB-865B-7032A8198786","attributes":{"StorageType":"shelf"},"category":{"storage":{}},"confidence":{"high":{}},"transform":[0.9971893,0,0.07492319,0,0,1,0,0,-0.07492315,0,0.9971892,0,-3.6430597,-0.5782373,-1.3747169,1],"parentIdentifier":null},{"dimensions":[1.2255859,0.7661133,0.10000014],"story":0,"identifier":"94E63825-BE18-4AC9-9FE4-F0969AB48AA7","attributes":{},"category":{"television":{}},"confidence":{"medium":{}},"transform":[-0.061927438,0,0.99808055,0,0,1,0,0,-0.9980806,0,-0.061927494,0,3.5822783,-0.42139053,0.6572577,1],"parentIdentifier":null},{"dimensions":[0.86749715,0.6192503,0.42028806],"story":0,"identifier":"7D8E995A-3100-4E05-A326-E8BCF428F145","attributes":{"StorageType":"cabinet"},"category":{"storage":{}},"confidence":{"low":{}},"transform":[0.07492337,0,-0.99718916,0,0,1,0,0,0.9971892,0,0.074923456,0,-4.605519,0.7091748,0.80275995,1],"parentIdentifier":null},{"dimensions":[0.90087956,0.99357545,0.6945664],"story":0,"identifier":"1C1BDC6C-444D-403C-9DB5-684BB3B8AF09","attributes":{"StorageType":"cabinet"},"category":{"storage":{}},"confidence":{"medium":{}},"transform":[0.07492302,0,-0.9971893,0,0,1.0000001,0,0,0.99718946,0,0.07492307,0,-4.4587784,-0.91776204,-0.0004541017,1],"parentIdentifier":null},{"dimensions":[1.4434562,0.9471277,0.9265255],"story":0,"identifier":"FB756346-39FE-482F-82D7-7AEEA266AE12","attributes":{"TableType":"dining","TableShapeType":"rectangular"},"category":{"table":{}},"confidence":{"high":{}},"transform":[0.07492337,0,-0.99718916,0,0,1.0000001,0,0,0.99718934,0,0.07492337,0,-1.0653766,-0.9409859,1.0232534,1],"parentIdentifier":null},{"dimensions":[0.6357423,1.1108476,0.83471614],"story":0,"identifier":"A5B50A6C-7A83-4418-BD90-2CD8D356B964","attributes":{},"category":{"dishwasher":{}},"confidence":{"low":{}},"transform":[-0.07492358,0,0.9971892,0,0,1,0,0,-0.9971892,0,-0.074923635,0,-2.8477259,-0.8591259,1.743279,1],"parentIdentifier":null},{"dimensions":[1.4341577,0.90039825,0.65564525],"story":0,"identifier":"DC583D93-9483-4327-9A2D-A05E46EBC0DC","attributes":{"StorageType":"cabinet"},"category":{"storage":{}},"confidence":{"low":{}},"transform":[0.07492303,0,-0.99718916,0,0,1,0,0,0.9971892,0,0.07492308,0,-4.3336177,-0.9643507,-2.4718652,1],"parentIdentifier":null},{"dimensions":[0.7565914,0.99357545,0.7033696],"story":0,"identifier":"A89526D7-4362-4C8F-9890-89475F0A3CDA","attributes":{},"category":{"oven":{}},"confidence":{"medium":{}},"transform":[0.074923486,0,-0.9971892,0,0,1.0000001,0,0,0.9971894,0,0.074923515,0,-4.468435,-0.91776204,0.8278468,1],"parentIdentifier":null}],"coreModel":"u8ncDD9Xu84iXy4hZZDWmQDLxnkdChlrPVN0Kq1vMpFhxKcjVR2m5bZhiPJiOKHm8WHmg+uQ9tK1Yjf\/TUhaxFz2bYBlAAUHW\/pYg4g5k4JRku6R52dPRVwGw1kDAUW+D1ISE5ToWmQ1N4T\/PxBTysgahWBaoZe53lVo7PvEz3lzQo7CiwznBuic1JNwnYIswB68euAujf+HiSOskoClEkWrVzMiPyBS+xhlkNgIQW7ft7cjwVxnL8oNEIVfSSLexkcMjbbRaXGtKMMiUJXi9\/z0nk4WeCCD4GE\/K6BpZ7GT5bQgq7Dk8XGs2b9lEfmrhAvfWloXWFqZjGgKeXt6c9W7USVoYShSuF6UXId\/kpBS6Fsih0FPtYgkL5+aoQywhS572o2HGQthGSvEqhWcvWQh9Z0M0umTD0xhd1pLvOibNXTh76jvOpOuzOHKUZm1Lr9YJnW\/5Y6qoCI5IXmhqS8NOoOb+HEsjJwV0ziD1D49ri4o7oOUxWBLbTPgVS9QVaUBqIzmYXTiTW0GkSJPF2eel4otLapBuJPdU5doklz6HGuj2uloXpcToFimVxw0eIxcuLSeLHwwMbOQH8JcOUGe9orhbRhupBe8OSO+Y9aYEdkvpRkAsg6wESwMClSvQIy9FynKPmwtAUQvFTqannQRRmJqjZMUHosX\/SbEM7umPwyh0QW9caqFHHj1aaX2zqrtlRFDzC\/z0DpHnoaOd7lctKM6dxrH03a\/dFQB65cZVwKkgJo6NeNT3KXfQluWX8LddT0IMO1hF9FuGK6w89YzjqEORwb7lM7eDpwGvK3e9GM2ailgDaep2xgAlc0zp7euUA+5AHvwssaWk6sRiWCIBq8CZ5BMyWSWamkQiYpPepz6PYw29wJUKa7UK2trlMC5uURjCUwtpGiyBJ9eTo+HkLQXGpx3Ve292aEUgOxvuBCmfNACRZywWmnZmUp4G2gau60D5ZLdNwYJFnFmqcgx4a3H2wFNmCMUZL2lItVp6bDumFYrUITGd+q+teo56k8WrJvJHE6gOron36jYEH3vN0o7apQdQkSIg+tK7Dqugrixtywm+vYSZF9u4lF1Momxd7TLcMNGH+fyaUrAc8j0B\/7mVZNp10H\/155CqXWquta5f8TRHA217Y9fb10m6DFERPoQ\/Avi0bhag+2ywD8h6h3kLFiHUgpZaWWKvLDASYq0csXl4BxxP2wHd6+HhFLUcvRATYH87aJn5e336TJ5HTm\/TfKytjmV5og\/NY3APT1JFAF2Y+eU4TmXzr211MGgy2XqwssQn2gcB1kW6cUkRMJS6+0GaLmSDYsIcJBMBnGkwgsY\/AXz6pdqLvMGfLFmv7FGKYXVhtYNKVofQ6uZP24zJsY0osdmRV3qwxCN1DBQbJrX3rI3PfmgUYcp\/wyNeOFUpTMHc969MRaqvoS9v39C0P1NsyEks4sR6SNUlMsl2hj1FkxNHb6lkjjwRlrW1vgI9UNOUN+iCZIw4PDBtEFiP4ePWy9ESrIfdfCLh4+EZb6MXAmQN18Oi5UYlPGfHQqBu+XH59YEvoQ5akN3l8tEucrcEB5nCB2YmzWkoLk97LL9SrtMPg0+Q3yy4B2n0cez46bFHeiQh7\/unyS4iP9c5SVE88fFs6\/9E0QbjMe3eRK+YbmmWLILUR5sEiOlMaGqmPESlOj+aYrmDhlHLmJ+U38jOogcSbvvjHXuqhK+ezlXbcg0duNElUt5blEzqlHOyTXvalpduTkA\/acwR9HbLdARLRM1rEIR\/2MOs8uJzLFP4ZiA9AZt66RcBcI+ZKdub+kI8AbhgBxEzLb7hpmZp2mK0g9V8HxB+TrdFuU9boS17pBgxUzXEvzElQqok7CtYl8r1mJGX5QMKs6UMDvBQgZVdJ8AsVfpiB5F1rnEYza51vLj3PdZvuz5K5u\/DrQt3zzJMJuZcWAWYsAwhQocud4kf+dTxBF83gF8m9RXH2Y68ZOiKxdJk2k32kHsYGXJ1A0Bh\/oIWJ10pkkSQSDNe9icMdhDETqSksHe4oL\/RsC7Agj\/6zxaT8wsSlRVJfXp5J4uBfa4dhMy03hk6uJAzVyi\/ovFDhB2T09fM4tO3lirb6z+3JH0FnJxr5flE2KeOtixHukmKWr0evfopQVpVJkGs9nb\/4mWLoSCVxygWJWCXylB0gUBXy2g4KBvK\/fm\/LBpOpWaGXP1lXOVxJO9BY61Wpg9jRF4eXhhiiM\/A+pvGZEcgqoLA3+eZEKF5TBNk\/SZEodhm1+YgyUhQp86xuYCRTNjFnyeN6lX1K66vpRJzWi68sJWYsKwHujLuFlFLwf51iEIko47zbtz1tt9cGSVGqwpfYx0HaNvy60T2MPo72t0QIq3aiqhoPtRbrHZSxigHejQUCmWPTQksmALlnyBWSBLTqR4uLLj\/DhIU77l4FL7Wg8LoRDjNewaSWC3GCE3grSx1VE6zfdYrxUPnUfXaKSj1VAPm+vIH7SWA1VNSsqS\/\/V+eUzhaHkEeL6pz09MYQWD1oG8nDG4ZThO64CfSs9ILMgymB6lgyKsJUipmPYAlW08adkeD\/L3dc0sIAg1eH2SrOlvwzwVWLoyc7ZA4lF9F6a3deZGTCBxC+m7YELxYE1lcm9w98X29ozWVjUamD0v5ACT3TKIOTOgKjJbPr\/RF2FCLdqpJrf5+feHj07mbhstP+BXkBaIM2bhn4fl+UU+\/BtdXsNJlz4hr5zc9GkGSKU3KO6\/\/0xkmZZtZUN4sLoDpeO4DfarTEvME1SanouZWwUAltDdf\/k9scTM1lHvIDDkIVVKwBfdYyLnXwDPZ\/XqdjYdJ8OsHjoVVOuQlR\/nQsouAUyip2GpcJgbeXlOYRqGrQdSNr86lux914xfgtBYs5H\/I\/DzVYh9Mj5C5kCPLt39gGKnhXbKETtBWXJ7QkyVXy9g5jMvUH7Pqd3TqxNrFwbkhTtCblP9ICtSP6HLf9GkPFArbrwVd3tOjAs4VniASZClc4TsCsKDOk\/0bOIte+n5kfngPwGftN7IlKSlr+mUOCYUn1ICdQgfBS8+y0MueXRLT+VYPtucFbLW0E9u0YSz8RU4a1ymVffwx8Pi99qqm1qVzus1RnTtSDi4bWdiAdnNZsIBDlPSpAgCyTAeu8end43rySBiiW+OywsXuU8IkVoV31+smgoXB+HHGNvULDdbhvDLxPTQqQR6Cf4jfAfjqPcdiAtqpAcBiCJ4JRLR+JTv+slvPYAHT+2giLi3P5Px4cYlc3x9xhnfjFqvsPa88Ev\/5G31hi4nCJ9Ab9wxasQdvmfB5do\/FkMuTqVOKorXhV\/dRGwRa+Of4wUhDVauchqygkGFWpopfJ7iwSgJpqCClDpDqzqLwjTOMFUpL8wVQJW4T8Rz9B65nwQOmvk8o2KpOMuN1InssckBlqa97X7FJyovfg6qUsTlfRwPozCUn89UxRRtcHKYzjWmT0uRixA50hscVGacTakmYJXxBTciaQl5CNj1ZDcyh\/RyIfGu29uln8ls4YNO0+k4ci8Sq8yCABfMqR8Jl\/6vFRd+dch7dm\/Io1oZ6RLKJgtX+G1Pso1UDSL\/JWBQODB4jSHHOo7VofSHw8wMMmh3AXRVyM3aoDgT33gk4ZEONGAHV0sI6iWiI5GZQ5+SBj\/WyGk\/dtDRMMaV8U\/2MrHDrceRmzfseKv\/v60JTzQfjSvz3QCeSziGwkeVg\/lbIzR6ec+y+pvaQy\/GXY74p8awV3wWCKmNq6ylt4VFCzLkUrekI5mKBrEKZsGAHtIAVufm\/48\/f0vzI8c931UxK7+YvKnASLly8GFZ\/fom2nUg35KjUjCZ\/\/1X8Hv9UmcnU4CLAG0s3upb0Fs76Wj99RKIpDy\/kBrBf4qKF1RPtjZTYTDp0L5LyFiMNGUXI1ZyCzJlbyt2\/R5KW26hCfensYXdc9ERT3kjOZTWG8NF5Oszy8RkDQmzPDuq4VLK0XM6OWtK4MmSeMNujGUyiBLPrPHsVI4oTRQWvDVl\/HyopSY1nXKuUMlJPVNzN9TFvTwJQ9Y45Vlxn8W\/zTbky1b733rFER+rYux9kjn4vFgXQTi3Qr8duCTe8upbWBLtcWw7R4\/eYq\/u6ojhv2i70adQsY3eaJjlFoPNj4r2jCoT1mlW1LR3soe5vlEC03pMIWnqnavNOFBONyk0cC7P2sCQ2lY+r\/sXCd1i8UyeIp59Oxn5vXyA8hJixcgFDnFkIl11\/17ZoXP2tnALkYY5MRO449zCGG5fwH8LYdy\/hmliBuIhU22EIyYarFF1\/ZoL\/dpod\/K0HDkrUg7pzDxvO+4AvECBfmdByMM59wn6fTq2WS8lacu\/p3SKk7ruH+lPfqunQXNnSsSN4lWF3ZTzqeVuRR5I3aXQtM8mqVOE1qfM2eR9LmX9nmkVjHCys8eVewi\/fcXPptjDeVMh651Op2PdxnHL2Jd5jXiC3MqFGgyZbPJ6GbpqNdf6reQdXJucm7GY4fFUbY9HS4egO01Ti2o9cQMtI3k0+ImE656xN6qZwqcudH3xzGAiExxIndAv0zrKbwU56QMjrN8isnawVueD0RCKWoztXgdRZ0RWdHPTbDw9luPI5a45sSRDsgWD0Di+VfQpG\/y7bLIs2ss\/lRussef3JXYQGRwsG+Cp2A4pHu9uLGGBCjExFnYuD9gF6UIlhcLkOpMrUn27sBuFW7\/fCM+HsSSr\/R4i4vZTy572TxvAdkyRy9bXHlA5ZfWauEnp1jtj9fG1toBN2ZWuIC5IXo90Vd0eBKJjn3wbFKY7mR\/f+LlfD639nlf1ojT2SzNkJD+N3fdxvkASzhuuVUtukkK\/JDd7ImMmf4eZSE\/3jUgJ3jYXeN1jmzHhuM2B1B0\/jSMc1tcoT+T9MUrAcJ3tKbgnR\/dcP98xZn9LNs6\/57TrPRdkHxgSNl0Ro3u+WkYVLklc3pqXjbWX4pKKPO2l0po9ObikSKaGwFm0QbekDjVJAC8JG58L0YDb0GyEOKqjkNwLMiSed\/xJWDFN5d2O0T87392r20b+lWTCmzTD0crzHvihCktDcqPX0s\/avuOlqGRxZmMGSKDdQGRCP7FnAlEwXQaiH\/vLYcavvTnQmW3pdFxJwlyIwtmY92ujRA1nouBLqU95QLrdmhUhvR\/4kgzzRSOeDEaKja9GzmzlQxe5zsY\/NcCjHTFEjq9Qjq9\/FCUzJZIcWuKEnzpy\/slTneVa+\/yoTQkoAWTWB20T17KXwW3KIiQI5FH0J5g7vXheibCFFo29OyC\/LYIlWDtMzThEDBmSp4nulPuvEWRrAxRvtD7Tr\/AQuZ\/tV7mpKzAaX8RuLSffeACJ1\/dp0q60QfMkJZFR6W4\/3ECbQrOiq8nWVzkxUFNqv9b3yXLPAscwrjMKttyvti4dMaq2zoKm2pIptXIoygnhX6B7Nj6pvDDCtHLe96fLzvrIdnlZkpC3WsLkzHb2fBVcH5Hk3ThtcAoybl+kM9ud0\/zA7WhchV38L3vyz+OG0VCrTZX6wvjGz18gnJpM9TbODYKfP74cv5lZCXX4Ob2hGqKk4iRJPW7Ox6OplrgCS0IPKss2RpWgS9ZIqkXrUvCn4MjtPkwL1DnIfVmGh0mRw8RiTiGgKt7MrPS6YCDUWbLb\/tKyGrsaoIejMVPweTIKTcj2XhIA6GAJbDBY4a\/0ZPT\/k1O47alcbdivaxH3oWUBaZaiRoKQz2XtlfwvwmKolgVqdDDbKb0oVWUJ6Fc9TI\/Ghz0rXuvqxKBBc2MexcpipT3kAmbQeLVOXppPf65\/stHisT8AuHam3hUKoN2vMZbgULLnIZrWX76he5nUzMJGAb+DOJ6AkO\/k51GEK6sXKW9iCrUm9W7qcJPT\/B5WYEvRPOr7A3JFZROX8FmixlKIlqiRHAJiYAAOAKUYGDnRj5u9ss\/0CElb5l+VVoyOzBbUO\/lPjh++O8hgfpzKYs\/Xj0dirj7xU\/6G3StkQVVgL6mBXB9WHorn5QE4ms\/nSdcmhC6YJ8BFeAa27FbVZuLiIDLcRd\/zoJrgqYONgJJf0gcnqW7oS2jtcx2kqI\/dSv9IRQkW7ZI0X3jWWwepxBjCy0\/yMzieZmRzf4xxb0QWHORUXbR+NE1Nw+efzGy\/JM6ND3ZjAUdnxFbXpKdGbdA1cpzZmli\/X1vuF9NvpfWGZw\/Whj\/3aNOfsfGYjvIlEGkY6BsXjovcSvb+0bh7+coeA1EW6xV9A1aY4N2rz0fHZoqD46LM\/+e\/uXUOHhbdNcBcHcU2fWBLNC\/kVz9fF5VM5QaSsJ87QMjnVmChIXf1Hvf4DYL6fAyq5+4IM7Ze2lcaN79qAEDZQD72oh+VM23Hyn5ldu1I53Rqlxz9f2UoEdrbV3OHQ4zrcugFpiwJrASQAApT+3knQzs2t7fF74V46t2FNaF8x6G\/Z4bkRQT6\/kMBytePakQjXk9k0tmr+IVF5GQNli2gEsulhnamnmvWwRXY2\/JubopsZ5wBqLPxHbhT+jBuwie8v00xGvQCM+Wec9YQNGCf0rLSceAkEjCGtyHd4QkqS+q7t3vZKQdQuAR4BcpKh4Pq5+KE3DARTqoTmhKU7F0G7UEnXGTiCenBh6e+daOXhmxtOx48yi9c5coJdXX3O2wUNwl6Na76gmFLtZ1cgnKvw8NY6ZFkhDckypciZ6FG+\/GnhADVDGXG2869sdX9LszyPzkK5Rh2b2ZYPb0IzJFTLW3aN74qq\/r\/6\/7ClL2hS4BfJqBh+r4eMTU50f6lAgos6La4z0nwK4dR6eT0GmLDbHtjUXJwG+VXr+P0nBiA4OFQfUu9\/govVnDOfUGEG\/yFH6pLTi0h2TiuvmLHlchIbJJcK34xYdjY2JXLV07xGZis2Aw9DumCzdEfZr08m8NDE1LAR1C6FQS0ZtEhNgKH5J+\/GCEKAydS8ROANpGd57BwpkYEpdfF5V2WnpHWdkcAYRH\/ZlK8wjjFpLxL5FfyPxvv2OAxfoy2Qo+VXfniF+z+ntsPaRnACUqEgLOAF8BwQcHYXIV\/vMb9IHykAOVnyVWUZmY2ACrGKjSXVByHcFIE2Qjt4uLPOoVzXDD73xBm2AKTic+59xl1EnHX8aFcQK7aaIBXEFZj8Q1e37ECboS5xzH1IhLgcRvLtvVqbW4XeSkDu5uVbPEf43Zh+KpxRxfeVwTF2IHTUgS3\/6nvlFtc7DrMP2jgTsD9J7PDfzgkPL7rO6I0l7uMZ95PPc37UuN04Sye+B8Rq8RCJ\/OuI3lM+o5HCexWqT+MqXQkodreBha+4ORGBH3U7drauuAzKRGPW2MiWJgdre78\/KMQlh\/XeUh5F+5TYpNbMh\/ZPLKBdUIYeCGMwY5byMnU7I\/ELBkVTvx40GXBajX10ybO4Tt+4QmC6IKa40DAPJWDQLmAX8Yi4hVE2B7AI0cvk8W0HP1NH+sL+6ovK7R0AKjRyRyNLk3aQ5yNhPIj8VKdXRxEb7KkledSQP9He9dK1BSeYv++O51+LYtSzognmWz7EAmOMs+nRfp8XtXest7bpBFHKng9Da\/4e57gq0AxE8p1mcNX55FeT5HVMZuwO2xsnbfejPUtSAbfdq0B8mCmTSAKwlArBydnFMltY2bNPZHuoDqgchNJw9w\/VJSKcBYCqTqfWDkGx2dtgomNCRhSshNDc8R\/wLbpqHhGDBpXQZ\/VDQ2YslJYDwO\/eQpzQYLBXNf9HAbTZiuDIoetS4ScvOjw0ySc+l9Q4rLqE4jKX\/7gRGIJ9AzkoL84dmHs2EAMnYYI+97xZDAgkkGmbtH4NyXU\/dUZGeO4huBA8pNSEjhz\/bM4BDev\/c9K+X+8vx8XYMet2aFFHe78bCXNrxCHP+MacH2dejkMudoaszn0c5nxDvqyAc+CRlovf8D4lCC6mko12mq3g6K+egS1Q+25CjUuv1nF3kjcrAgx9ITV0aIQbnN2ncf6Kn6F79KerPW5tRUZTw2v4ogGXc6BFtEh3Bf\/DK4P4Y9v++wVqdi6qwE7cgdBFlD1MNXl9q4cKkzYHh7TVR20Ei3ODwx07cy5VY9OI4TdVhXIO49YNL28DPPvzK80rOY2d4HXRhuiGObaIQLV2F25wKuqCVVwDiLQd1Y2NX8MPV4ZbfwqVUMLr0nuryuDjxBVqymJv2ZDltP32uaec9W0Rdus8zzIX80TPg9xJ2etBII4Wvy79\/YuknZbtEZsYLE7qOAmDrWTz2+1ApkQ3XFo4CK4pL50RZjIZhf1AgZ1r31reCAgKVe5XjqkhgFFithJBmexNlxgp4aCz7LNgJy8l9bkZSOyp4LgY\/vCdT4vLfYVr2u6rXnK6HPXqwZeljkRP3L5q\/eIWo46MGVPeUPRmJ3uL+Y2jGsMQQ1Ow0r\/2q17w2W0UxV2LNJ26+dKhmLJKgliYvcHDhasI4D7kDWld9TBprMJBkLuJ3VbEyatnfebOfz9y3q8rZT+X236TP6SYuzzvMtofTUjtZSy74kzBhKI9HOap0d5PL8gAf4L7bThvCW6pt\/binbmCBLwmiWV2Ww3xQfFfHvDx\/wNuoRoioroRS4VfNQBQa\/yH+\/\/BFU1mWD3mGsU8Zs1gRellaXjQiPicTBvbexX5abDBlduxVUasewgu6SB73rPyheLO\/LJPjdREppDcbehlMSEXuZ\/ZOgvO0kNi3kvsnDfbY7RropcZnC6GltmonhlNTbdpYJBYJGwcX+p4UemzF9YB2s3e2ApVFYo+lnJy6eMBXdfqaGzC1+n5JFbkcCY4wSb4CBv6uClx7zO2TiG1k7lCe4H4kY3syZlWKQibEbR30IDnfNF+wp7H9IS5xwRLAPyt4PtsnOUWrKOqFXqTneh1xarQgJGeEJKTwBzhw1+WHAU8j3LmAE9uYubxLWW7ygwBrngO6WkOW50ggNOzKQOD2hHZAkXsoQk5Xxlq+myzGpb0\/Tmg74SRtxMdtOnKLUQnlisvr9rLROFafnfMSsSw6+S64cRHVPe\/imCo4kX4AABp+47PPGXFf+\/uw5Wf\/BRV7gk7rZo7whAdyt2RKIo0MVXWZFyElcrM4uPWOAC8QNqwj15HBXgyPnhtM74aT0UybsdmyHtESiZb7Xm+Mhi6KrTJ7m7xauTsQhWp2y5hiTD\/fxFcT3GZI2tjNl5blvMLBP66Q\/3lIQq96xO7gq4QaxeenMPitSRQqRMQOG7YINOkMtkFMi42SjL6nz\/5jQHbEDYipZrPZkXaVGN6cdPjqNFtoR40caSaQqWC6cmZ974nCUjAzGrjHnNY9BY98Ird03J2upKRC1ioT+S0eYc4U7uvw\/4oOVMa\/D5N4FxEcMtCKtcebSQEAtYVkYZpUOjvEcc5b6Av0f\/hc+9A2NUVaAb9+Na1TIw0K\/tHLCmICzsP9ck1359kttOcf9PjPfrQ+onYWWhr1x+i1fQ3GDR5r2n5YC8IzhHtwnDzAcXHWy3WC4RT2imOVxTgSjgXKelkJbI5tyqShUKxLNEOtPBM6WvBpKMQowxzrHOoC9KWdlwmWYk2nrKQj+rP\/vPhlxp1Gb2p5isykHyGsmhZzHTNV5VdThhKWFkb2p5Nmo1XF4\/3kUfKu1ZxxT6KbsmBGvKIcsVSQK1AViM6L2kF8hj9\/Y\/0ArXDZqyO0gzhQeKgImZHBETGx2mCx++TllQayQETtjMI0m4jp9HE1OBmwoUaQ2LkBnZ\/HjF6mWmOCfc1fXck8QnGR9hAKQ8dBqDe+kp3ZOtd1KChIGkeLSj\/Y1IbgnfWzBxr4HX9KuvHX+hoABlgzLYE+kVEZZHFsgPzbL77mX0+FaFnRc4Y19JTesezNB0FFS2P6w2y9n\/eBn+01Xooggk1s0g03NW2mrtG1XHIUm83WVhJjV1j18LqpY\/amtlrLoTI\/uYYi4ZUHHdgjZ\/hbpCTSC1dSI6NJvH2OMwW3hUtSetLTbqBN4X8CY4aZCJnkuoL1iVrugdZEH498C0yt9C8VFcNnbyZy766jB0fCA9BhaHlo8N54Zr6sEFnoeAzKz\/qWFPT9Be3H\/\/OeHOsvzsy+LQcSzsB7NU9oGDye1Yz3r9NValQcsqb1Ixa\/SuF4EuCJVXsAeD9F0Enhwd6u+jCYS1lIca3x+dtTthbtmsURIoHBO57rfq0EyjSaObvrDVkKYLkiPBatY25JTyMQ3UTl\/zzXXNWa8v8x5x5DloV4wOjIyvhloVnkoXzVe9ISCnolKe2QdgS5hPxrx1sblLHwJqHU6JQEI1gZBVcRVuQImKtcJgo20hiXeGFxQXeOCQ+Hh6QJIRtivOAqXTnmdEY\/ivkZU\/TrXDV8fGIcbCpMQoeSzDP7N1pFtQ+JDCMYgO0bHgpYbIZUuk4yuYMMGAP4IhfwO5Xme3FgiFnpm6PDEcvzRhuJj1g6KBGDdM9i5stB5R2syu9++NR41ZS6WA7bzorp8oudqVzkmXZqdhcOb1vuIiFeR8G09DndsU8t\/C7VcR8dv4j\/uZ1CVxYYdLox0vQV6cGaj70oxd3genouc\/2H5SwpsoJMto+9UdPC\/b3rdwdlnvqH32b\/DvGtY0eb2V0PDtqum8Dqr42efs2zYmxbkq88d4DBuc5vmEPd8nDeDqx\/HSDLsImQynSXJA\/cmA0C+NDTO6dQmBHUkpAflKH09dQAyMF8Zx2uIKqCFcq6qvD\/6KJNNOTX8f1P6Z4W3h1fi7bOcE0tawD9GLoYBzxDNw+eOxqlMaF5zJ4j4R+JNXsrV5NzwgXmTZNpfN5nCgJx5jlsZYacbfZE82cLDqo4pVLlea06b3IB463ZE5iC3p81Ap2Cxs7VPZ\/7nwORzVB8JAb9qbUOIQME9J8KZxM22kIxKr41hGydr774uoF8S1RzhPbeN++GRoHYRoCMeHNwRR1UlL8jz4y\/mU6Mte8AYMFyvKaU6MgnHAVNbNTmrdy+MfiRX36Q3lroWTkTmlRNosPYQpRvozLOh0l6pa1EAyuYxOGhSEDajkKFa6mVsDqBw9JMHK1LKXHvLvfWgqOOUJrkpYKjyda09UUQS69qhoReaAzPDlOwdv9U8eJvUbkEDxD9OQAU8wyoJGMA6c3NpbTrrWgi3Bf74EeRx0FIVGVdY7BzBx0yu6IBLrJ0nuD3w+L9W3yt\/RNPhPE8LWr3u6Maq9izoJhxOhUknhwtwMM0Sb\/z6\/jQsj464PicOwjcu9CCEaT+05UUBNY+YITCoN7hAeWPCPZjx1kOTn9ioWSaOi2tqHBHQGD1fTESz\/mXa5QA99lLxrc30Mn6skiLsOz1cyZVeruq\/vOAaLpH8+nUX\/Cg5k1ZDHrMHS5lOzx\/VxBG3Lp5m5HTAuZ\/PVEWbAx2uLIPaYcAVgZ7Gy5T9TVmSLg+\/BZOSk9x6SvW3V\/MhXDZDOt9PdfqBTK\/Vb3fShQHJxt8R1PzuyFlv49RKf8\/mP3RfQVTsg0W0MPXPqS0ss5yuy2bNf5EfcpVwOmcHojo7uEoZN8q80qrNT0kWXpSE1mAqOcp3P7yMgZZRwYLNfFuJi9iPBScCOB8Z2q4Hqi6vV0ezTV7PUk\/3yTd7hkAoSfgfUJuWt5u8rThCdF4\/IqmXqZ0HFWCchGSNp9KLwekUq2Kmjkr9CEyIOX4aWaLQ\/GvAisWu61klgx5Aji9q3LmGeYnCaAtlVEJXfhdurKZLGnrz5iPnvG0d9kBZkcZzTxX3TIc\/GmDuIgkpvd0U1W0IWOFefVccIHzDkEq8YvM6+utBXygpqjv8YMxWL6LiO72X8jqGDs22IX3Cs8X+J1iNafAjr+W9oh9XesCkBJg1RikCIkvz7e6NXJyNNKjsbeywKNJdxhBERDB7MkuJeRpk6wdhvOQjZMhHrH0gALRhNOSANsYKdq7\/85T9fr\/Q7qgDHmd4h7CyMpEJR+ZS5i51D2nP7X\/B0xL0AtUAVz5ov3c+myY7kdczM4FWXZrm92LzvZbY4U5M6h2ZPy094GqqZkRTAP2UnxPNSgFuP+caWhe7jIVpL7fEcD10VqwuSIjnW+8o\/9KphaGkzb89r+fEuE6B4\/GNWB3t1xyqP4bM6ug7MUQhPtDp4asnHpL1H\/IvPF\/eP7cMYqpwEDJW7gWsyECEigh\/cOcSP\/ZnUFygKSAR+I12E349YEahk88o3ITrzuwj7mpUt19DwR0X5zRvMHKQ4Go62DeXy0PCfzXY1ySsgVYiuwTY+CQ6g4e2h5XU2W7xAAetgmHB+Fq94442XOjLOjtoV7iih7Vyk+tghKihuR1Eug3gWBykvR\/yEQHJpdARhErIT9bQDcrSHvWcf+r4Nfe\/nd\/hjEhIYuB8DJHI0gFRRdxvZgirrqhSKeqcVmP0sYZ9e58M\/Ig7QdB7hA9IZPVIoVeUEZdeD4+llNhO9XYTsqJhzeUXvxVIkiOGb8vZCxX8EvVbbTPJ9qoVjfYMO91k5V8v0KDkscrmhVItxTF36Wrgdv9Uahs0cec9vn+JGFE3LHmyQiBQYOaMayIfjMwoqugejDt52LTZUA8cvra5ZE+XI5IMNhI1AJRPWiwztnB4YHlZOAo+V2ig7ksfimkyBqdBRPMI+l4aRBdI3qs47lqAAnRk4vZt8A5D8AF9EArThfLVVtoajUYq5qtyaARQam\/+2X9EOF9r5KlKTd0l6dZgg3pH9tRMpPO\/4F0R22hqAjnBMWCNyqNFKgqUDlpjol5VbdfpUgUZE6u4rRlTGYfIrpjxFxoP8NROEG5IXNQrN+6h0ndM8umknb0unQ6nXH5yLZ142bV+5VQA8dL++VEg59JpvtIJLmgJjCJS6sQySdggIIVybv65aq1rH49K5VN3bfriqV3pHVO5U88ntYGQzDIxOgHRIX5mCopdE20sxzbOOzPTZbmLq50JBgnc49V\/EB1Tg7\/V7zuRU8SVr\/Tf0VUQ4pB1b+U3VrtmRdSiaGgAg+tGeBIAJBMQGIMoSZDUiM9jvGXeh63qRVgNTNzwzSVvXMRXyHyzTyCstX90ki6DLr6zvG1K+SsRxvzgtQ46JDa6HATfzUMnFqsnEED44xwijZ4+GUYgqHwuOCqrRNgX9elsCYbteMrjTKm+HDrQQaQshaMM5TMs37SFXqQTqgD9ZY7QbA+JrRjWHnL1tUjsuDmF\/jTYBRlMm1g39bFwfDDv1Uts\/F\/gOL4FAQeyDL78ff9JsTUZWZvcklAz4Gbq5TufXr4MLDpIfYotU5orgNB97qfiJvay7Grt0eQB99gFLbuuDQlBYJT1ZkFifcuGdIXmS0IsHde3UlrDwaNWi8wAc8aoF98RvqAMePTq11cxYhSi1ULH9Ay1WCNC4sBjIdeNHdupBchoPZmaQj+a1uuSXZ+qeOIzvnq4O5DnfZZfYQxkjGdWKR3CX5zvptHyxHNjSMf6EitANFw5fLe8LaYO+fz9ryvzcEkYfMQScVgVtRUm1Wb99V6BJex8N97XB9pyzCa6DtjPIIjnDrtNjnFyS\/RHsiXqZP3CPngyT90Ws00+GlqwXdwrPgg5r3Rd2he3zvlok4gmeesfYRfAmZKAr\/7p1sZCqIIs7iTkccQlh0EpZ31zuSVpweU1WTg9ahZK5LeELNK066HRoauB3n1MICxWySbxzv8vVd51xNOcKOHbiX3hhj\/Aw7uTQRvNDFP2m+1MEGaukQXc3bq3DEH2725AanG\/nK58df9Fvte6OdH3roflWMGYcRojHXkbXYpHUAJvGxm7xQ6NeY+FCT9y5dlc00EAYP0duOSRC+aSMQSojsSAXDk6Z\/0aeuFDG2P2YJg2lx7\/a8k0XwqM65iVODkLxwRZLX0F98o24Emc+t0J1NokCZt5ZffckM35tEclbY77Cp5+hh4f4riCBvLE9G8TEyFYlYeQn\/geacPxozHc7MwyjjldX6QE3HE5WzlKGcgheXHnSDz\/Z7YE9WJwSlpqCS+WvLHpiIKsZkMcz4bEcJq+5KSfUIgSGm+fxAvZdEJv1m9NVk394ZJGhmGcQ1VpEQ5c2A1K4QEWhEAhn9d5PpapwVg3DHIbamqPns5N2H9gEhjkJq6sfCvZocfSXxNpb+\/0WnxHXFDxZmD3\/Af64KHiqqh+b6WNZJY3B+nHsTfSHqBpwZ251SpWzSOu53CGQKSK+AY+Fi3bBNmLeHDwQUj5blPSUR1vBBNU8fWZU2bF4DGsHtI2azFIyhzIh09lH6ZZ74EjlZ+9dR9CqIMXDIAJ9m0SkNdt1SrfWaZwx1wRx\/+MbgnLkX38DQgnxMh6A7GVYDjnkR7JcWoUPGABs\/8EviM2umpQNe50ODwRybaoCQLVb176JobYrEHPRaCpzExbiLNs4UQ0dM6Bpbxoyoi8puut8da\/tmqGu5wHbJAJw1sdxEW7m20S0RBbNTXA\/I1A4uJ4Z6\/NquTppPj\/yme8ESiYuzH4BJt6T+QXE\/YK0I51QxL8Dn961SIdHIXe1MBEKJP5EUNkGVPyc7efzSIw7\/4NNWqF+Ln\/su7CXl1tE56jFfoS3MVVpsABCLVxMaWsoxV7LHnRdxA6lCTwrk5zrX9L5lQSYuw3wGp63CIGJsYaUTIWwM5KsA83M0fglOSrbWzQ0YlFQvPJtet64UmfHi2b6dgATLow5r\/NvyHMOowjN60ZTRzLrUAzP7SjpQegiWANUcs\/aSIUqEmritTeoYQSblDVfTeNv1yYFB2Bbm9FFtJ3I9gv3DNCzckctBrQ8cYllPGMF6fpBlfzltNOrhyDNVHOR8jNxKtfPbR1ln2k0ZeDj8unZ8Q+cB5CuGU4aTQrayPW9AgwWw5PZNQDkhfqE2sejELfIX0O5q1jFsT9iROkJHpHaxQ8ZjoFrHPvan+jMhbYiYppqQ6kbBVQKncGOY4uMgWA1MQs+kmn4EZsO\/uGVHz6HgVNB48J0Bo6lNX3yv6QcLVfcI4S\/jAANxhbo+te3NlYBBq2v4RGFA3YWObWVyDOWDvuZ08nxPgLnpm6lGcMaUhqZXlQNTjsfwHQZtVVFIFRKHGGAUQznL4rPIEWlC5icWjozs8i6LZmk07pT1LWvHKFJ9Vzw5g\/Ato07FoMeWwlGhUPu6sVWpoauOdhR3OORnOT\/6RnEaYkST8MXuHAQNQh\/IuDtksRGXG\/0hpawFO4Jmzn7p5dNJ8hHbcbO3IiCHXAUI2ojHz4ex0tJIa9uR+mZisyLDeUUQV9n\/eaVGjLBEAI7UpaviNAU5S8NLkW3VXR6TlyQEuDceJ4ZMXtqZ3jexWd31ImzIy\/0ul2zyx\/9FxlgekHu\/+Mv6WAnhElaM4+tyBVDaWyObRZETicFJSmUdeQrxrIVTNZmN7SZ+4VMU9YQWkJV6+Qqu3\/9v6nKwpYlWwT24SVPApCRj5ktBdVsU7x5P+QQt5fjcMWUUuCX2zzKWHzS+WdlbyaS4qQUWOI7IuuPZjREmASeXF60g2KJYRBspW9k9egT\/Px1trFUqdmgp9Z31+a6qxBZwuh1gMI0vz+C+JfRgyCnWYjy7kn\/nwyKF4TVK8g+kc8JGugxKR4VI+cB98UXk0cDcdPIudNrkmdVxjA5v6CW+dADLgLml66Ows\/\/NuMMbKQ0SRoZr9HDM\/+sEi1my6J29jvWFvt+s4Dob0Kh0tFlrTY1FqjRCLrx37fAOlWBEURaQKhKl4vd+imKHYMwP9a5XA7Y5qRevgXSwVxEU1KcIKqFlic79gyHj4mdZkd0Ax7iJXqJ3vbaGW3ngo0v9YjnwkgUhd36gsc5WwFwf2uETwIRqKQy6\/vK5HsRv0XhRLfaVikKOILzNZkCyUObiNEhCFtBa6m\/F9AY4g2K7R5yD2nj6mTqHv21xtfT73eUb+4hlr2xDqDQ8SSYp4AWEnfNDMMz0kmdWNstjjreTQ5HA\/TAnHKMDRp0hQUZhRPcFX2M+NRUR4D4UVTd9RtsGOS2WxGwJjXiVw3VeiWZgZ10l9qZalR3pQKz+2QunRx4Azc67U0exveR5QR+9J+OTGZgo8FbE3aE0i+T+xWjO2rM4uZ5nfDNy4p2q95qr5ikJMiAJ2YhrJ6OigxWNF\/PxXmG8Z42uCeJhXIUOXjJ7x48qpUPS7ZAXY30Eepx8Zszy9ufU5rLUv904zZIn+r8cMTN6ZxO87hbKl0aM1jmlJzVve87xxY29IaPmt3g3KO5milj8qTqwDR3GM7QpSW85gWXdJ+Rs7TGykOFq3dTGHUcZxu003GqK3bco6l4yW96BYwDXBGVequdDWDYWtQXYaPPHor3hDOD8Z06Y8VKrETT0krxF6Z1kqag\/+Ese6ZDwk15l9YLb8xSeoURqJ4PtDyn\/5gWRQ5N+pDqrjWLneWWHvrs\/yWUlOm42VzMau8GtQs2peKVe3fM3WzocoANaMxjXn\/iUnwSND8YkSYXo3DsOS9t9L68egmQf5yCmRYthR89\/W7OpJeJF4G7ESBR7Lx1fRuOGfAKikUlvrGur5PFQjSqxL+uwgvlCI8o4rr66DPWCW6oGvYdyBCiM16JS\/yXHUH5S\/c329NBh2oF5jWV+xkMvC\/gynv7KA2s4QdHzQOEQThSW5HS39f\/qMXazFbM075MqQZsgspKpIHlQhn0s3Kt7In8WETh5NepyOU4tbul0B5bSQ4MdgL7yIVEGNNhEaPgrPXrKyh8EFVSn+WTmKP50NJlgdcYnd9GUFBjW4qNnNcUJ66HWtipDVXVZhrHfcYnDRUoILuNyD3h9es3W\/4zs9+mNYqa+1ywN6MBukmQ3mMtsgmwHjiloZFt0Uomwv2lcei8ZnRP3EN87t2tYeM2KnZUWDak1v95P7FO4iUoF6J4TVjzhW9XHzhaR6ucXYNyAV0j6EisRWIFHlBx2PZL\/j2K2TktaunJJO8OWJ3+IIS8Bsa2EaUREiX3bItOASm4v75\/bY\/gPOe3+yN1m4gfgVor6S0TgFB1uwGj8TGe1LAxLVErZvKSIq8XDGUjyShUvwysHHPoebqfuaRl9w2oevNJ6jCdRSVayA4eztRbuaUMCgNVwTNm9AJS21vP3990rYoTjzy9jZRPvwe0sTN5i6LaJ2wUn3l0YPGwmy4VYrQRMxvHnaNoIkpUKKHBO95CiYcu\/ZaYEIFr0jXP2y5ELGIfGl0i2oiMC44L7N90Q\/1Aza210mvFKuqeClYuM0dkzaIxz4iObUmRoJoVb+aMj0SuOvJetZkmA1rrcM2hm8UqFgSKRypAgPYQ3Suj5KiFEKD4RH26Ksu2lDJBmamdUBpl4NH44Oze6sHpYu83PKUuaAg6GSLZ+E3BDGJ88PzTUnZ7B2m9XTcqhwtwChc3OFV8ZUIpR25if6APlPLCRT6oLvNJ5OrYa82MK7WV02ztodzQyusbgM069j091OJNVXJQLBhnGTAr2fPaqQsZDpqDr4yUnvycGfP+yYZ8vlowaB\/QDJw\/wbBuSQKQE\/PSKDxN8gq3JZLuBoyRANu2\/J8M4kDCif\/GtFO822OQgxIoAApgs46kJe5fl1WWBTRPn2i0mml12l2cpJraudaG19bHRDItFBYugUrIqRUNjQvEsk290aS\/V+7Y3xmXBTE6hIaTJqASitG5F1rFEOrLuRtuZHMNbP5VWGxsiSMUFlD6DvSNVG8DyKvuhtZel\/MqUD4kbfizOQmqpHGRbfn9WARHFx3Miw832IGmWR9qYcVBERAPNQoGanx0p7FSFjfLyvkz4Zr3LcoLvgCsf\/NtHkgoXKOy96XwTVWA5AydjLjz3as89TGlnO1ACCnJo3nGURmfSdrF0PV59pCOkKd4x8ot0gVvLDIkOGKwdudUl6bEyRWxNyLgMCvBkvc4SRBg88\/086Ipc2p2YG2wcV2nz7Z4Ojt+MyM5SxLfHjtWerYSM9tZVLbx\/jfJnOtVY5ZRemVr8pswpIQrOGho8fUmWVcRpzDvGuiPfWq7pTUlcunIAIHwTmIlw7BKbiyG9RhFX8jizpWsLqGPcb0lw\/puoLLtTPfSwSSdRQ9etKZhIlZ89E1KicbdvIRRx81Tt6rWWyWRrGIROLWEK2sMTchOXyb6IUdkxQYxHM1\/1iscM90XlJpraM+kJ6iDu6ZLkESRxkC2HvK8AGuJ2uKzz0XfL6LlVI5RUqhcwt+N5b6M6w8478DtD1PjDgW4emHdjucoUgX+h+6YNSZiDjiGQd1u\/GlyOseB7FhThWV\/s2ZGEJYOB9IEVK9K5gxbWBtiOMwwO9B\/SEKlh4waNFXg4rjxzuVIMWXdy\/J4mjC\/OUX8sgMxUKYuKRFXA4+BC4iwOk6GkVSTPui9yNhFXSBchDsaSB7hsmEBdj3GkLx11QNzpJW5BFLcsTqvTCXlKTUrP9LA5DNtHVqDlsuDxCtzWvDe4AQ6Y+ws6TSEfoFminyjLaUN8wgpg\/ABjR3FQ66dCDq+HpRrilmv4\/K4OC0rn8g8nc8WIS4PAtqTaPZFdCrDSJiaHqhQPtsKfdzFHtsRCKxstO2ZH\/0PQrGIfLac21OcZLKmBKx+1vEM1vQQtjByEcglfcgPrSQiWKbZi5UCYaZ+qkIZM0zhISVe+4h+YSE7q\/4OoIpiufLXAv4FIyUJW3V4eK76D98YvArcp\/T21IwtltZOCaLoAZvnJ6mV9WJVDhiDZHxZL9k6ahh1QmwBQCzmGo830rq4QprN0L1RVVRUF+ad5WOZDVi4bTnIq64iXejOCJ+5irqbTvGpmlxjqnQaNa+fNxbMZ2lBTcY508XE4lBHhr71ptwX731Wqu2VJp0EJiCBDixYxfhhaXyhXIiFpeDfa8ue5RJ5OcjAbZ6HpCdSalz60fhiKfgCo1lWnNrvTIfjr8T85ZH9oEDxnXD9lOnZtbapSFTD8RQQVrUjNUvwpdpmIGBX\/G5xWT4xLkPB9m6C8V03JxfalKb7NohULlOVJ31Kt7Jp5MdofU0\/qOnwPEa92YdoBEGHuVXeb2ZY7jqEb63VBCK5PnlM0AvMln5geFb7SBXSSgNNqctbJpmkFCsJnzFT7o9heFt41QMJnr+BCbDgldBgLWblXB5GgFm+1hUz2XsZ1ybu5WSFbIHtEb48c7O7N46RJ8K0Vs4o\/D0lqqmaYjVI836gonuxtH0aXGj4wwnvV8g7ORxSC3hQueaFeCd8zvL17URTohdoJ+00H7nHyDase8uhyUibRY\/2vXKx03kyK6JgTLMNJIM4GeYXTj49Z6KphD3SqHjQVZM9VT6Vzj0KswarMPhiYYC4oQzbvjlLlJfKNi8udIH7\/Q5LjZg6DuzwvLwR2V8rm4VZoFGEB7+AVV7NnN+CwKj44ExwlRi\/sKyBpKUUB\/CZ8fFk+T5uPV6c6gTiEIvBYHR305yi8Ca+mMFq8RTWmRjcscfmksuKMpH9uzjrwwdmEszu3WG+psYrBFGHAOKf88jDD8bknw6nnY2R29zmHe\/tQH6puSaGknpnKqztE6LDHq+0YxKp5vTrcCcLtRzV6y0tbIlM0HrYjeBCJ5bS35rm9tj\/jLnNxCSpUV4qU\/8U9sdvjLiou+oZkbUuz9rQfTKxqxm9NZqsvvQt7t1EeexarGW3T\/KAMULlncJUwUQLzPYXwvffPnzAwVghBil\/tn+kXUKyDwQPVKjkKJ54Dx1oYZZZua1Mm\/TsTcAFGFL+EO4GpFiD4lXJqaayoy\/W1sGB9XaXBuTEk5qS5giafHlwfdQr7hZMJkKfjQpf2WERapR81CDsRkGV62IBmPROgrTd6BNdx9meaw9pqqMmKPFySWHD3BdRqIrp2zdhmHTU+iy6Gw+YENg0D+Ygnhl\/Y82RsZER0RzMQ8m8vExQCNwOpWLN2Dn+32Pl4J7B4GKyDHJbGpdEgHJ8h2yDVI2MjSLNtP2LJiS8i\/yZfxByvixSEcGAYndU1EyKSpodR\/y+CNEPmngTJNTsd4ar4naZLazfuVV3SPrcuxW2wGx4rkTXEAsodOIUllZMi+M6OZsnASKuUKLRMf\/sPNHx7CSUGvQIlfp\/LzqrLt2QKXfVO1\/voP8Erp6ng15hGPrHkwrUqQwzSBxm43JhZhsagERDGJtgz0Qd+Ycl6bqqxo7Km4Ph1+k8FcKuM6OEWO+aT4XEqhbeSmNwFIkEQl\/b6J1ZZdCNNhUbNK0qXytJyfJJY1rA5xZeKUYQIAZdsDL2FSr2VKPoLV5\/aBbvE\/ELCVDlInd5nskz3+ZrAcooKAzEDeTq\/vV582nK1\/bcWY+2tIxXUVPnwhILvaHY\/Nb\/2m9ReAx1xXpMpM6CRquFmb0a2sdub4MosfLW92oK3s98cb9FEuWwnMdu9UGh2\/RzKKvbtKky7b5a\/4+1qa9U5tkvg\/oD6ZR7PKGfH9E8mmo7SZ8WfF9AQhRpHAaA0SP8LZ0d3pN\/\/Qd23DvULpm+5HmwTu6ySQjlkOIjkiKzVXqnxSQxOXsl2EjqEd4rYEUm6xHQ3qaFmYDaKGgBkaJTHFUgGVenTTaTlkBfrRhkJRZCQZQpIj4t3GKNhCXPsTIvp71d3E0YDgunhAd0YU8e6KJzXZ8\/wnkg1fL+WGOluaPA12CYvrtoFg4KFv57IrzOTp0rVWgaEQ+5ctnm1S96DwQaNHFYi\/ugvU9kHLRVE+WuxI9l4P3338WgnLd2oaIa8ObJdqnxX2LoG6tlVD2PGkNxPzCf7jlhwa92O5IRFMqDbWf622ALr5LGAXVuqCf7kMkUcmyqOypCE0tTXozgUG0nfbhK7WwWpZHkMQQKNU\/3SBsDSzzDJ3B3yUZOZiLsP+xEKTUsdQA1MXU5VKRpIaeRw+zDGiG0PkK9HW81iwgX88JHPGrjcrN26Y7\/+NWYGq3aXjVg+1P24MWsEGfIVjUd0QUHWh5o6nl58\/z+G3t+suvhOnzmss07cGxN3O5K8y24gK6v7BtRqPfKJk2P6HmNy1sOS\/PvMw98\/VQA+P7i7P7X6P0KfbjGFaSJI3al+d4sdUsqAoUF3kgp0C5u9hQkxlkv6FoCd8bb\/6imAIAAd7NSYpcx78FjTv64v+k9jNc\/fsP5kllq814X5nKmFC807\/Tzh4oPIilTkC2VSU6LV4MldgICi7w7hBSmBu0VIS8u0oIyGoSsowbitVR\/KAlZ4roE2hrtbXfYQMpy6LUDOiKqik5AJ2QeTYGKCsODMvIq\/Wu\/cebBljww5mgM+5CQehTIaD52AA\/ZpCSdI1M0ze9Ty904UhkBbr\/3gcfSAF7\/YjIwh\/7bcRsC3kOaBLZLnm6+SY7EVizGoGSZIK8dW+4wrg7vC3PYa+yJeaRRg8mivXLniV8iFQ\/s1RtPi1o9SUAWUD\/3QJqZrio06MfIksitISLhFrZrB+htxMUx3GNnGn6SVszAsw6dJPibJUrIWv3Qyg\/7mI50zMdLIod1nmH7gYpNj86SRBdv79MguP2JiSrMu4ENfLAUhV2XZstgZHN\/lWvf2wi2AUHLB+YL51ZqhtB3\/dmoZ1xBACAKBw0pTmJsxAHnX